Pepperoni/2017-02-16_16-24-51_UTC.jpg 20 646 726 60 57 611 806 68 59 711 800 56 56 699 655 54 62 328 407 77 67 254 426 73 63 159 417 73 76 101 352 72 79 71 278 83 76 94 208 75 73 115 116 68 86 172 82 67 62 250 41 58 72 318 67 73 78 387 109 63 82 419 174 72 87 878 663 45 54 813 658 53 54 911 765 47 46 705 860 55 58
Pepperoni/2017-04-19_15-38-31_UTC.jpg 3 432 208 94 86 322 146 76 96 227 194 76 60
Pepperoni/2017-08-15_19-40-31_UTC.jpg 4 570 704 334 288 51 690 335 263 136 69 185 94 708 418 249 175
Pepperoni/2017-08-28_20-51-56_UTC.jpg 1 362 201 142 123
Pepperoni/2017-10-12_16-19-49_UTC.jpg 11 574 565 251 195 798 541 237 212 160 481 236 168 3 609 270 179 12 270 127 144 151 244 200 118 323 215 161 107 196 109 160 79 545 134 167 131 827 276 207 174 524 332 212 136
Pepperoni/2017-10-18_21-52-38_UTC.jpg 4 506 380 150 140 695 160 114 120 599 895 252 101 130 871 220 124
Pepperoni/2017-10-24_00-36-57_UTC.jpg 11 673 471 173 124 854 579 193 174 871 425 173 129 822 246 122 90 903 197 108 78 345 310 136 124 554 330 138 103 595 268 132 72 734 194 93 69 703 98 97 57 687 336 95 93
Pepperoni/2017-11-30_16-36-38_UTC.jpg 11 665 590 193 205 284 606 239 213 6 307 221 178 128 121 184 154 476 120 134 143 671 145 175 153 551 266 190 126 385 282 158 132 92 13 189 90 14 37 152 116 799 771 252 215
Pepperoni/2018-01-15_16-37-11_UTC.jpg 2 424 331 313 169 547 156 253 189
Pepperoni/2018-02-14_15-37-05_UTC.jpg 22 695 513 71 82 380 456 72 64 386 379 86 79 401 314 78 65 399 259 55 71 379 194 79 75 635 459 73 81 766 508 74 70 824 480 84 77 878 436 94 70 916 353 77 89 922 312 88 69 739 300 80 64 579 390 81 83 559 331 73 68 557 270 74 67 306 449 73 76 235 425 82 73 173 412 86 86 156 279 70 57 261 216 60 68 300 152 74 59
Pepperoni/2018-02-27_16-34-13_UTC.jpg 11 622 705 274 219 698 485 236 159 515 380 200 148 234 443 233 179 139 661 241 227 406 735 182 254 863 352 187 90 648 161 143 136 585 100 110 131 112 165 184 142 424 92 109 169
Pepperoni/2018-03-01_17-36-12_UTC.jpg 5 63 678 223 220 580 229 167 86 144 62 168 91 545 96 146 107 639 14 146 73
Pepperoni/2018-05-09_15-48-09_UTC_2.jpg 2 540 671 251 231 757 449 232 100
Pepperoni/2018-05-09_15-48-09_UTC_3.jpg 12 617 728 315 210 234 704 310 212 32 535 219 184 63 401 243 106 2 237 142 114 165 173 173 97 187 77 141 79 342 32 103 98 470 121 129 117 444 516 251 173 839 506 227 159 929 671 147 194
Pepperoni/2018-08-16_16-08-40_UTC.jpg 7 729 477 204 222 356 780 272 213 238 621 239 221 403 300 264 154 97 299 213 197 128 58 183 124 659 100 166 164
Pepperoni/2018-08-20_15-49-54_UTC.jpg 8 430 751 308 233 773 674 210 220 709 478 267 200 428 521 257 200 593 289 251 87 824 48 228 174 472 67 170 176 249 293 230 118
Pepperoni/2018-08-27_15-25-50_UTC.jpg 2 615 430 238 133 639 684 252 220
Pepperoni/2018-08-29_15-48-44_UTC.jpg 1 111 226 268 201
Pepperoni/2018-09-20_15-18-47_UTC.jpg 5 240 595 236 231 694 675 173 204 622 426 216 222 149 375 199 198 542 177 201 178
Pepperoni/2018-09-24_15-27-34_UTC.jpg 2 396 189 163 142 595 243 178 118
Pepperoni/2018-12-06_15-46-14_UTC.jpg 7 812 659 258 156 512 694 252 198 473 423 242 171 61 352 249 176 15 36 122 100 297 66 162 116 733 0 193 89
Pepperoni/2018-12-10_16-31-56_UTC.jpg 9 706 892 112 95 834 813 92 104 706 783 106 95 370 829 113 100 257 870 117 109 304 790 110 97 213 406 116 79 226 293 111 109 120 307 94 123
Pepperoni/2019-02-13_16-50-46_UTC.jpg 12 438 548 155 144 398 394 143 140 906 728 143 137 281 556 125 147 122 731 159 116 431 834 133 124 4 870 120 123 0 725 85 131 336 954 113 44 522 961 155 36 717 889 167 107 941 877 137 122
Pepperoni/2019-02-14_21-10-30_UTC.jpg 2 291 644 318 316 302 266 313 295
Pepperoni/2019-09-30_21-43-48_UTC.jpg 11 438 523 101 107 344 517 103 105 410 421 83 86 449 341 110 76 96 531 101 93 5 472 83 100 123 445 111 83 71 289 93 99 175 307 114 97 344 295 98 86 429 251 97 80
Pepperoni/2019-10-15_15-20-58_UTC.jpg 8 702 448 295 185 704 664 340 128 204 616 287 166 3 418 178 162 2 182 88 148 711 136 205 113 889 5 181 140 800 297 257 94
Pepperoni/2019-11-06_20-33-20_UTC.jpg 1 890 572 188 143
Pepperoni/2019-11-07_21-13-14_UTC.jpg 18 942 626 125 125 841 615 90 107 744 481 97 112 850 383 126 100 625 320 94 88 455 312 107 92 632 180 114 102 381 206 118 92 335 353 107 100 246 298 102 86 218 533 126 118 466 531 97 108 575 613 105 110 723 820 123 120 539 764 110 103 446 662 105 99 116 817 126 98 58 512 115 106
Pepperoni/2020-02-17_20-33-50_UTC.jpg 3 259 405 284 253 710 432 222 274 477 309 233 177
Pepperoni/2020-03-03_22-57-57_UTC.jpg 16 763 531 162 154 636 396 150 124 434 391 155 121 415 625 172 144 296 375 136 116 46 239 117 125 145 215 122 115 416 68 140 131 679 105 122 113 802 145 111 121 911 250 146 98 804 821 169 165 671 903 200 96 358 743 129 150 41 829 164 163 61 699 150 126
Pepperoni/2020-03-18_21-09-04_UTC.jpg 1 180 456 267 219
Pepperoni/2021-01-05_17-44-09_UTC_1.jpg 2 568 487 290 236 296 411 223 208
Pepperoni/2021-01-25_23-21-38_UTC.jpg 10 540 436 324 237 776 355 201 131 595 232 155 130 26 570 352 248 166 267 198 130 5 175 205 101 10 98 156 63 194 39 142 56 626 124 133 44 789 129 129 72
Pepperoni/2021-02-17_17-50-43_UTC.jpg 3 697 754 257 214 507 614 216 162 628 506 254 200
Pepperoni/2021-08-30_15-59-30_UTC.jpg 3 513 691 200 294 277 726 226 265 431 322 287 321
Pepperoni/2021-09-06_15-47-01_UTC.jpg 4 630 481 319 263 291 465 188 327 44 394 244 287 266 226 253 221
Pepperoni/2021-09-29_18-49-46_UTC.jpg 1 442 427 317 316
Pepperoni/2021-10-14_15-42-43_UTC.jpg 5 603 632 243 278 161 544 360 348 72 293 369 206 710 288 356 238 438 89 219 231
Pepperoni/2021-11-17_16-44-48_UTC_1.jpg 7 761 578 176 137 681 715 132 175 441 834 208 132 202 761 197 141 59 614 176 127 18 453 220 150 814 218 168 166
Pepperoni/2021-11-17_16-44-48_UTC_2.jpg 4 790 621 186 138 868 438 166 133 811 273 199 109 710 146 163 95
Pepperoni/2021-12-06_16-29-29_UTC.jpg 10 709 574 253 167 677 251 156 102 684 18 180 103 320 69 165 99 15 192 164 134 5 432 140 135 163 319 224 102 87 654 228 112 450 741 230 128 890 371 186 98
Pepperoni/2022-02-10_16-30-12_UTC_2.jpg 5 768 685 295 209 280 776 284 197 422 437 288 246 558 251 242 216 0 145 423 259
Pepperoni/2022-02-14_16-25-59_UTC.jpg 14 216 785 164 132 110 661 165 130 62 546 132 121 64 396 132 141 190 366 161 128 343 360 115 135 469 382 114 146 396 629 167 134 578 400 121 128 666 350 164 125 806 388 149 126 790 573 190 125 812 689 153 173 712 795 162 149
Pepperoni/2022-02-24_17-28-50_UTC.jpg 4 169 733 325 225 300 516 205 199 769 292 228 221 530 123 228 143
Pepperoni/2022-03-10_16-29-23_UTC_3.jpg 2 566 356 358 264 234 475 445 290
Pepperoni/2022-03-14_15-35-21_UTC_8.jpg 1 557 435 348 193
Pepperoni/2022-03-15_15-33-57_UTC_5.jpg 1 617 748 206 175
Pepperoni/2022-04-04_15-33-31_UTC.jpg 5 839 717 240 279 228 623 293 290 519 3 288 198 110 2 312 172 4 196 271 219
