Tomato\2017-02-07_20-22-03_UTC.jpg 4 92 502 208 432 15 255 459 142 378 59 203 254 555 568 332 369
Tomato\2017-02-08_17-32-05_UTC.jpg 7 672 506 116 147 876 486 198 138 696 185 72 133 43 412 102 117 0 863 114 136 621 776 167 215 768 851 162 120
Tomato\2017-02-13_16-04-57_UTC.jpg 1 802 739 131 113
Tomato\2017-02-13_17-01-27_UTC.jpg 6 251 321 89 131 269 243 191 120 86 275 176 117 81 190 185 72 198 60 100 167 284 118 168 112
Tomato\2017-08-15_15-57-02_UTC.jpg 7 33 620 264 356 58 294 318 176 394 17 127 218 720 151 255 166 884 694 194 124 892 498 184 118 559 822 173 175
Tomato\2018-02-19_16-44-06_UTC.jpg 1 352 205 289 255
Tomato\2018-12-04_16-56-58_UTC.jpg 7 711 458 160 161 757 401 180 144 783 201 222 132 497 114 161 119 277 214 135 148 7 376 147 148 415 512 58 189
Tomato\2019-12-18_16-25-07_UTC.jpg 6 910 82 163 132 923 336 103 77 777 404 125 134 317 39 166 144 284 246 187 81 512 112 90 122
Tomato\2021-02-24_18-28-12_UTC_2.jpg 6 756 240 231 145 606 559 144 130 8 238 192 177 604 332 131 129 192 378 161 147 2 724 105 186
Tomato\2021-03-30_15-55-45_UTC.jpg 4 352 419 183 180 275 306 172 146 66 311 194 155 526 473 197 122
Tomato\2021-08-18_21-50-11_UTC.jpg 4 193 385 362 231 827 373 151 186 9 269 278 111 197 95 195 148
Tomato\2021-08-19_16-06-48_UTC.jpg 5 896 342 181 200 743 34 273 145 262 136 205 125 0 0 0 0 210 5 217 93
Tomato\2022-02-24_16-46-40_UTC.jpg 9 424 746 280 251 765 388 295 244 581 50 173 198 389 372 276 184 172 404 158 216 26 72 219 144 209 2 149 123 1 492 59 136 161 679 131 164