Jalepeno/2017-04-13_15-51-38_UTC.jpg 12 887 555 59 67 105 203 64 89 234 71 125 81 389 115 105 87 503 10 168 92 536 250 112 108 625 356 152 126 646 437 179 146 622 359 200 219 713 216 89 77 598 104 145 24 180 324 106 197
Jalepeno/2017-05-03_16-01-36_UTC.jpg 16 235 259 103 66 154 245 121 104 133 185 104 44 17 358 101 51 723 301 109 84 455 340 83 67 397 395 81 36 410 419 66 108 374 564 109 122 510 570 111 141 624 439 121 113 726 493 144 129 113 517 143 92 144 388 128 71 32 450 130 74 707 385 182 48
Jalepeno/2017-05-05_15-55-43_UTC.jpg 3 603 414 95 106 764 749 133 103 514 291 141 106
Jalepeno/2017-05-11_15-47-33_UTC.jpg 11 431 795 99 94 528 732 87 99 746 547 161 124 707 386 90 56 644 248 93 51 380 661 90 75 255 473 130 80 385 412 68 51 130 410 90 101 314 183 92 86 448 156 86 94
Jalepeno/2017-08-18_15-42-24_UTC.jpg 18 370 662 101 98 725 390 132 98 472 403 123 153 353 402 69 60 267 339 128 72 167 173 125 81 219 190 73 64 166 224 47 33 457 172 96 71 599 306 83 71 595 186 52 37 497 81 82 43 508 35 74 37 550 74 73 61 624 92 71 52 703 112 51 51 777 91 88 64 695 285 112 89
Jalepeno/2017-08-31_15-25-37_UTC.jpg 16 139 111 169 79 265 158 128 97 376 108 126 95 634 190 89 73 646 102 147 81 884 287 94 68 1047 241 32 162 288 708 217 218 2 828 186 168 642 358 168 120 385 409 131 94 250 313 115 153 46 239 174 145 793 873 212 122 196 912 206 84 471 578 73 57
Jalepeno/2017-10-12_15-38-18_UTC.jpg 16 618 180 58 81 736 171 62 62 812 225 132 89 836 336 145 67 814 397 137 116 792 508 150 91 696 564 95 94 680 487 104 70 534 520 161 124 444 503 90 97 204 435 157 96 212 345 138 74 274 209 174 101 482 212 120 90 275 241 80 87 335 213 110 104
Jalepeno/2017-12-12_16-38-30_UTC.jpg 17 349 570 275 201 868 590 172 172 861 461 176 86 805 198 115 49 810 119 90 77 177 459 124 124 0 409 101 85 3 265 43 100 212 257 80 71 296 180 149 35 276 123 135 58 514 66 132 75 502 450 140 52 515 368 126 86 637 228 75 54 714 307 62 39 661 577 179 83
Jalepeno/2018-01-30_16-38-30_UTC.jpg 19 553 621 218 121 982 513 97 129 955 411 119 99 864 254 155 93 977 188 90 55 892 96 65 40 752 217 74 23 555 232 105 60 635 110 106 72 521 80 78 71 433 21 99 47 265 113 120 57 210 187 70 31 3 310 91 65 177 461 96 67 289 471 44 93 524 406 99 104 681 385 142 121 179 451 162 105
Jalepeno/2018-02-08_16-50-16_UTC.jpg 31 60 176 176 134 216 80 117 59 336 90 111 78 458 59 76 87 445 65 229 174 709 157 90 57 852 36 129 142 956 50 121 131 970 185 108 140 847 31 228 143 996 701 82 165 74 337 183 124 341 295 165 94 439 246 99 78 558 254 208 82 684 375 110 47 820 377 151 94 867 494 144 155 755 484 119 108 770 586 174 191 609 629 178 136 554 555 164 137 602 757 166 96 627 926 193 73 233 492 123 87 325 394 173 93 519 328 158 93 4 479 134 142 285 695 290 304 131 590 203 204 313 679 223 224
Jalepeno/2018-02-13_16-53-45_UTC.jpg 12 198 723 202 188 297 445 129 166 445 374 72 96 967 705 109 106 914 480 144 161 898 264 116 43 382 207 83 86 181 112 177 140 150 11 110 88 545 530 98 83 448 392 126 76 826 139 67 32
Jalepeno/2018-02-21_16-41-05_UTC.jpg 11 599 673 119 90 40 382 93 59 270 332 129 102 85 130 114 72 332 102 103 37 476 69 86 34 536 172 80 69 379 313 99 66 531 406 108 75 683 296 98 39 888 132 77 56
Jalepeno/2018-02-28_16-57-29_UTC_1.jpg 5 6 565 135 165 688 313 95 67 702 382 142 78 349 712 256 178 292 1 142 69
Jalepeno/2018-04-17_15-21-19_UTC.jpg 3 913 360 120 156 630 354 159 106 70 418 185 194
Jalepeno/2018-04-24_16-57-20_UTC.jpg 5 98 431 187 177 424 223 204 208 629 214 244 231 552 60 130 103 711 62 173 144
Jalepeno/2018-08-16_16-10-05_UTC.jpg 19 32 783 203 132 216 702 143 105 421 777 80 144 671 813 143 155 757 714 88 90 473 700 166 155 850 564 152 105 470 574 102 71 361 510 125 53 431 457 86 111 2 259 68 112 349 191 116 121 716 310 152 125 533 348 144 82 537 137 144 122 576 16 66 114 101 138 169 110 277 38 90 152 358 0 144 58
Jalepeno/2018-09-19_15-51-33_UTC.jpg 5 252 572 212 122 325 317 204 203 889 242 162 131 515 792 141 177 191 450 151 128
Jalepeno/2018-12-10_16-31-56_UTC.jpg 8 304 212 69 64 421 429 68 68 499 396 76 69 813 574 97 77 940 590 52 62 417 113 81 73 267 126 77 71 514 508 86 62
Jalepeno/2019-04-11_15-24-50_UTC.jpg 4 97 214 227 122 384 280 185 195 779 255 160 149 403 2 120 124
Jalepeno/2019-12-05_16-35-11_UTC.jpg 1 653 575 54 41
Jalepeno/2021-03-02_23-19-22_UTC.jpg 21 183 701 126 120 2 373 117 128 34 65 147 83 244 25 127 58 414 61 118 100 551 76 113 115 681 288 116 96 787 143 201 117 560 206 223 181 562 223 185 135 427 267 118 96 422 182 68 84 256 101 135 113 186 255 158 120 485 793 71 143 667 743 200 132 858 707 203 136 912 440 160 121 994 238 81 45 660 474 99 81 515 435 106 87
Jalepeno/2021-03-04_17-48-59_UTC_1.jpg 14 368 670 198 205 650 576 174 163 739 446 177 95 943 251 128 155 843 60 168 132 475 316 192 115 470 149 129 128 471 1 140 95 139 155 229 99 98 24 191 123 85 329 197 119 34 541 234 114 255 475 186 74 566 112 116 90
Jalepeno/2021-03-04_17-48-59_UTC_2.jpg 4 87 445 169 124 272 477 272 216 681 649 220 229 635 321 181 232
Jalepeno/2021-04-05_16-56-57_UTC.jpg 5 262 295 111 73 376 271 105 131 498 183 145 109 687 305 171 169 496 316 144 151
Jalepeno/2021-04-14_16-45-19_UTC.jpg 24 515 729 217 236 700 510 163 134 684 442 164 77 696 300 231 142 1019 284 58 117 676 213 130 68 2 503 141 206 6 513 97 117 129 403 138 103 398 408 152 213 450 470 216 151 358 255 231 163 144 282 176 100 220 69 161 85 687 95 113 118 794 136 114 87 846 52 155 110 1037 73 41 117 939 21 140 89 806 5 161 47 717 0 120 74 585 0 125 31 54 115 149 70 172 1 139 108
Jalepeno/2021-08-19_16-06-48_UTC.jpg 3 275 227 203 229 83 69 179 143 88 310 93 73
Jalepeno/2021-09-09_19-42-41_UTC.jpg 5 3 264 139 121 968 68 111 118 691 87 158 61 230 145 152 43 436 191 68 92
Jalepeno/2021-11-30_16-35-12_UTC.jpg 5 570 696 108 100 167 490 173 153 319 403 151 130 630 421 162 163 459 483 128 153
Jalepeno/2022-02-03_16-37-01_UTC.jpg 11 340 827 116 86 1 680 164 109 36 461 162 147 513 606 226 222 851 769 124 131 988 259 91 161 945 28 132 107 429 17 175 102 311 227 94 97 193 22 170 107 79 4 133 87
Jalepeno/2022-02-09_16-35-03_UTC_2.jpg 13 349 688 111 90 457 481 90 174 301 456 132 120 0 184 67 133 66 124 132 97 3 4 160 75 818 285 198 234 824 238 163 88 480 2 150 98 319 7 134 109 397 306 147 126 117 342 185 154 583 454 192 134
Jalepeno/2022-03-14_15-35-21_UTC_9.jpg 9 502 697 224 150 8 911 105 76 40 554 142 115 24 291 190 170 361 165 77 146 180 593 202 179 647 352 206 192 464 5 199 76 252 19 188 154
Jalepeno/2022-03-15_15-33-57_UTC_2.jpg 11 224 827 173 120 928 727 150 236 641 504 191 89 557 908 252 91 477 619 214 169 376 362 209 128 718 240 158 122 330 185 236 154 449 22 201 147 984 411 94 66 687 157 124 67
