Onion/2017-03-14_15-39-41_UTC.jpg 7 540 372 113 65 104 413 218 154 608 313 119 55 745 242 66 89 715 421 188 101 526 268 25 75 557 259 83 44
Onion/2017-04-04_16-02-52_UTC.jpg 11 691 584 294 89 983 522 94 164 99 607 278 58 389 740 159 188 585 772 163 225 778 954 186 44 473 428 90 244 312 518 123 126 142 414 165 84 392 362 114 69 103 887 185 110
Onion/2017-08-22_15-22-50_UTC.jpg 7 314 458 198 177 304 298 75 156 558 365 79 271 699 378 61 251 850 345 155 70 591 222 75 138 241 88 141 62
Onion/2017-09-07_15-34-39_UTC.jpg 5 829 475 159 208 265 396 57 146 252 174 101 62 453 292 76 68 558 274 143 26
Onion/2017-09-12_15-31-58_UTC.jpg 5 812 97 206 148 730 349 179 112 551 755 81 206 625 607 143 134 419 912 541 87
Onion/2018-05-02_15-15-10_UTC.jpg 7 278 556 157 177 694 342 137 167 645 194 372 146 150 35 174 168 203 719 100 198 296 792 204 132 20 789 233 100
Onion/2018-09-11_15-23-43_UTC.jpg 1 377 465 158 307
Onion/2018-09-19_15-51-33_UTC.jpg 3 201 494 201 165 377 735 158 264 407 542 197 332
Onion/2018-09-21_16-29-43_UTC.jpg 4 847 551 138 222 274 558 290 122 524 283 212 153 436 204 143 124
Onion/2018-09-28_15-32-08_UTC.jpg 7 537 512 233 202 299 405 173 109 0 278 221 105 0 145 257 83 175 0 105 163 951 183 71 127 743 100 86 167
Onion/2018-10-18_19-41-23_UTC.jpg 11 1 472 161 126 82 347 89 212 6 162 147 109 102 58 79 162 332 123 85 171 319 219 242 66 331 688 299 79 831 27 70 176 550 45 158 181 539 292 261 185 752 370 313 291
Onion/2018-10-30_15-35-27_UTC.jpg 13 877 591 165 125 464 387 112 90 2 435 215 60 178 149 194 195 109 207 50 126 3 134 164 104 5 17 156 132 266 34 69 147 707 58 276 48 801 340 133 103 146 683 327 57 668 543 183 107 917 228 131 172
Onion/2018-11-29_16-17-59_UTC.jpg 1 388 321 117 264
Onion/2019-02-20_21-41-30_UTC.jpg 5 227 259 207 52 312 314 171 25 594 311 155 31 551 355 98 190 816 154 101 55
Onion/2019-02-25_15-53-41_UTC.jpg 6 414 699 282 72 146 390 408 164 460 52 315 78 244 159 249 106 15 64 347 47 1043 288 32 131
Onion/2019-02-26_22-01-11_UTC.jpg 3 586 515 142 139 520 238 167 188 805 120 120 262
Onion/2019-03-04_18-40-36_UTC.jpg 1 537 312 371 78
Onion/2019-09-30_21-43-48_UTC.jpg 4 655 511 98 95 701 469 133 94 765 508 135 86 630 453 160 62
Onion/2019-11-13_16-22-16_UTC.jpg 2 473 257 110 236 440 444 283 108
Onion/2021-02-02_16-28-04_UTC.jpg 2 466 156 225 228 656 636 63 120
Onion/2021-02-09_17-47-24_UTC_2.jpg 3 689 535 134 144 391 350 253 139 0 283 206 269
Onion/2021-03-30_15-55-45_UTC.jpg 1 405 287 281 215
Onion/2021-04-06_15-26-54_UTC.jpg 2 401 369 191 375 347 321 227 268
Onion/2021-04-15_17-09-13_UTC.jpg 2 524 561 100 224 773 425 158 185
Onion/2021-04-20_15-54-29_UTC.jpg 2 544 290 193 183 42 398 224 39
Onion/2021-08-19_16-10-29_UTC.jpg 3 712 374 122 151 894 313 126 151 501 227 92 123
Onion/2021-09-01_15-56-47_UTC.jpg 3 606 367 232 51 355 276 51 100 483 188 130 84
Onion/2021-11-10_21-37-10_UTC.jpg 19 210 278 242 313 11 321 171 105 464 864 269 108 109 660 94 337 147 735 237 63 499 592 242 288 562 453 188 228 756 433 154 146 796 287 129 157 931 479 142 198 976 224 86 235 848 213 174 172 952 19 125 225 603 94 365 125 450 146 195 248 185 180 198 171 29 35 238 131 234 72 333 43 186 571 181 61
Onion/2022-02-23_16-23-46_UTC.jpg 3 877 614 192 165 40 55 367 257 711 341 73 139
Onion/2022-03-15_15-33-57_UTC_3.jpg 7 879 433 76 207 413 208 88 171 5 338 342 113 700 235 86 133 769 213 153 47 976 180 72 169 749 539 123 57
