Pickle/2017-04-12_17-39-27_UTC.jpg 9 379 602 180 151 650 430 175 139 490 368 163 126 229 368 179 122 203 767 199 213 7 711 123 133 70 517 233 173 485 866 201 131 742 753 199 154
Pickle/2017-09-28_15-35-12_UTC.jpg 6 758 782 160 150 450 879 115 107 42 527 161 169 246 282 87 133 713 423 183 135 589 82 97 130
Pickle/2017-09-28_18-46-26_UTC.jpg 18 622 773 95 123 833 881 96 81 830 843 101 59 783 655 114 115 855 551 52 46 633 661 104 97 518 738 40 151 555 654 49 91 248 782 151 101 330 665 133 106 156 629 134 104 313 340 105 123 325 505 146 126 474 544 76 111 651 527 142 85 645 378 136 127 452 385 137 144 552 894 54 102
Pickle/2017-11-06_16-26-40_UTC.jpg 15 599 756 170 154 858 593 155 145 871 426 158 108 651 408 117 97 520 437 149 147 661 641 116 79 423 607 158 136 254 618 134 89 279 445 107 112 106 441 117 158 103 267 120 87 317 131 101 65 439 232 101 130 771 253 73 83 522 71 95 118
Pickle/2017-11-06_16-56-04_UTC.jpg 1 354 322 302 306
Pickle/2018-02-14_16-45-44_UTC.jpg 19 1 617 163 205 103 513 166 151 161 305 125 131 21 259 125 133 293 516 187 115 335 346 161 141 346 227 131 146 283 255 113 87 130 96 188 173 452 89 189 114 623 170 55 166 699 313 190 139 863 228 151 110 713 128 146 117 952 397 124 200 992 660 82 149 702 668 169 179 693 539 179 67 559 492 85 128
Pickle/2018-02-26_16-37-26_UTC.jpg 11 462 641 299 247 299 673 182 150 163 562 208 202 28 285 200 115 465 432 262 181 783 185 236 133 558 1 157 107 429 54 94 98 94 1 163 76 1 70 149 121 928 451 140 152
Pickle/2018-04-04_15-27-40_UTC.jpg 4 711 617 186 191 281 491 186 216 766 195 113 71 970 360 66 94
Pickle/2018-05-03_15-46-57_UTC.jpg 11 655 426 245 197 357 451 133 263 12 310 291 128 183 163 224 122 3 156 124 145 264 43 165 112 881 359 168 142 836 224 207 94 662 50 120 64 799 27 102 80 571 235 80 127
Pickle/2018-08-29_15-02-47_UTC.jpg 6 355 385 205 207 71 249 216 134 712 386 207 170 930 284 133 116 451 151 202 101 408 0 156 61
Pickle/2018-08-30_15-21-02_UTC.jpg 3 444 253 302 225 451 78 235 115 390 474 286 129
Pickle/2018-08-30_15-28-39_UTC.jpg 3 428 897 195 99 682 688 253 227 404 495 290 117
Pickle/2018-09-10_15-42-20_UTC.jpg 22 555 551 90 177 727 512 160 151 813 470 110 96 872 351 147 102 790 261 129 65 845 169 100 100 388 478 118 78 284 505 125 69 177 455 107 90 263 373 141 100 48 293 144 113 103 170 158 93 295 225 147 101 445 192 105 69 465 274 106 89 450 100 128 80 580 151 97 63 621 225 147 63 700 102 129 64 700 348 134 68 569 428 159 126 360 46 122 75
Pickle/2018-10-25_14-54-31_UTC.jpg 19 696 650 251 197 317 651 226 187 90 518 162 156 29 375 173 112 129 257 151 92 16 109 205 135 285 90 206 126 151 2 132 97 1 231 66 138 452 439 234 171 688 442 229 139 917 581 35 6 952 587 126 116 937 378 139 157 668 134 129 131 880 44 186 103 325 358 164 115 720 2 207 53 466 2 90 134
Pickle/2018-12-05_16-52-46_UTC.jpg 12 593 638 119 110 739 530 120 141 503 473 138 141 284 690 114 137 247 554 115 112 136 369 162 158 309 431 106 82 339 254 65 99 545 383 152 68 708 260 162 100 720 271 159 128 216 225 100 85
Pickle/2019-02-25_16-08-20_UTC.jpg 10 469 578 118 186 696 519 245 142 122 464 216 146 23 107 217 156 236 11 209 156 650 24 146 106 825 85 231 110 469 198 223 107 319 354 198 179 634 336 129 90
Pickle/2019-04-24_15-21-42_UTC.jpg 23 716 552 256 149 458 561 201 155 143 626 209 165 13 459 192 189 356 375 204 144 645 296 152 125 771 296 150 150 688 403 239 191 735 419 190 115 545 400 133 144 421 217 222 131 499 109 167 89 643 177 207 132 738 94 154 130 838 158 153 117 875 209 170 100 361 639 210 165 240 454 213 172 62 110 172 126 0 176 112 135 163 201 140 120 660 14 144 122 799 11 114 69
Pickle/2019-12-02_16-39-50_UTC.jpg 2 253 430 320 246 162 269 118 197
Pickle/2019-12-09_16-58-13_UTC.jpg 2 85 498 355 367 82 163 279 182
Pickle/2020-02-19_17-00-18_UTC.jpg 2 72 449 297 259 924 542 152 164
Pickle/2020-02-27_16-49-59_UTC.jpg 6 845 384 196 269 825 246 156 107 506 392 333 215 296 341 226 148 93 313 234 222 383 202 208 132
Pickle/2020-02-27_17-05-43_UTC.jpg 2 587 317 175 246 176 403 282 197
Pickle/2021-03-17_15-59-48_UTC.jpg 1 715 349 174 241
Pickle/2021-03-23_15-34-05_UTC.jpg 12 527 586 264 268 315 564 180 151 126 399 212 230 7 157 196 213 259 63 256 206 449 158 140 148 599 68 225 228 840 141 236 237 592 347 249 228 858 424 184 198 765 832 247 163 270 745 191 245
Pickle/2021-09-01_15-57-58_UTC.jpg 5 322 447 234 262 643 271 228 254 582 51 228 182 804 46 163 154 250 102 249 217
Pickle/2021-09-16_15-55-38_UTC.jpg 21 534 821 150 161 468 716 156 113 456 611 151 113 236 775 126 157 207 635 144 138 336 551 109 88 66 588 127 103 49 477 111 129 63 364 123 108 145 200 112 101 312 121 171 108 398 61 121 113 652 177 118 111 731 284 134 88 691 416 158 93 579 447 120 100 368 375 128 65 345 220 106 118 591 280 96 89 918 271 132 103 995 402 80 75
Pickle/2022-02-16_16-47-28_UTC.jpg 1 522 334 298 244
Pickle/2022-03-07_23-00-01_UTC.jpg 6 736 451 175 214 349 624 204 201 425 444 167 135 12 434 205 185 138 331 229 130 556 68 136 191
Pickle/2022-03-09_16-32-21_UTC_1.jpg 2 2 320 154 212 324 861 340 133
Pickle/2022-04-06_15-30-37_UTC.jpg 2 420 455 194 227 298 795 363 199
