Olive/2017-02-09_16-47-07_UTC.jpg 17 117 247 80 74 283 481 92 88 433 388 80 58 574 412 89 80 575 648 95 70 917 737 103 92 960 444 54 86 854 940 55 59 839 845 117 90 624 932 76 63 512 898 63 89 484 792 90 94 438 642 74 67 314 642 83 44 296 723 88 67 332 814 81 62 188 740 99 67
Olive/2017-02-13_17-01-27_UTC.jpg 30 376 911 54 45 459 797 35 34 458 749 29 31 388 798 31 39 375 834 41 22 350 869 40 32 312 875 35 36 278 924 45 39 221 954 50 33 240 857 30 36 266 781 37 27 146 874 37 34 107 836 51 31 104 737 76 43 60 712 39 28 130 673 41 26 267 643 38 25 311 577 33 37 363 615 33 28 400 661 28 33 391 750 28 27 359 738 29 22 345 778 31 33 277 751 33 29 253 763 29 25 210 741 37 31 240 720 32 38 239 690 34 35 198 713 39 25 214 797 30 21
Olive/2017-03-16_15-29-55_UTC.jpg 22 381 421 55 77 88 445 73 83 181 309 67 57 127 292 61 44 109 152 67 56 335 214 71 46 477 367 45 55 489 324 51 58 673 337 29 53 750 378 78 38 1001 345 76 52 722 138 62 43 890 143 35 52 783 265 47 43 651 237 70 65 571 282 69 40 365 187 44 29 401 129 73 65 457 118 46 49 315 79 66 53 395 74 53 35 590 0 55 29
Olive/2017-05-02_15-30-04_UTC.jpg 28 363 882 78 85 501 863 88 65 605 811 57 76 1027 720 44 80 919 587 91 65 1010 411 63 49 816 261 60 36 903 294 78 50 842 356 74 40 803 382 59 32 733 378 69 42 744 315 61 45 667 212 54 36 635 342 52 49 521 359 38 45 460 256 58 66 465 392 67 57 354 383 45 52 241 271 78 50 157 326 79 65 99 318 70 50 3 565 75 48 120 531 82 66 238 470 87 80 343 632 104 76 509 549 83 49 630 663 80 72 774 530 79 59
Olive/2017-05-11_15-47-33_UTC.jpg 16 751 797 53 46 923 612 51 68 659 688 44 55 510 647 69 83 474 696 52 50 406 589 60 56 471 523 65 62 379 285 57 57 464 286 35 59 236 229 64 46 31 502 58 54 228 548 40 32 239 511 40 37 348 620 52 42 444 757 52 44 618 346 37 33
Olive/2017-08-15_15-57-02_UTC.jpg 17 148 731 75 76 140 491 66 58 94 454 58 65 152 295 68 68 307 306 50 62 366 244 67 44 530 126 64 61 782 167 61 30 883 380 74 60 1007 445 67 56 714 705 70 68 736 548 67 62 859 666 64 44 806 855 101 105 361 577 69 58 441 497 72 66 372 501 67 71
Olive/2017-08-15_19-40-31_UTC.jpg 29 598 621 104 75 742 330 90 50 848 314 97 75 917 393 95 62 816 258 98 46 796 206 77 36 712 187 79 56 306 610 91 76 151 170 42 61 186 165 56 60 255 174 77 46 211 148 55 33 479 160 65 66 499 120 63 45 507 154 80 48 563 135 67 38 665 148 69 39 741 157 75 38 933 109 70 46 645 422 103 60 442 324 86 51 478 267 95 65 593 244 69 56 690 297 79 44 159 500 108 63 81 344 91 69 223 331 78 64 640 181 71 52 336 247 66 47
Olive/2017-09-05_15-19-26_UTC.jpg 20 893 558 49 57 891 478 41 44 133 418 51 57 220 188 51 30 301 113 31 39 332 145 43 38 548 52 45 43 595 68 38 47 862 375 56 47 508 497 47 34 446 484 59 44 529 338 53 33 366 235 55 47 452 156 53 42 389 136 47 50 675 230 50 50 784 233 46 72 854 167 65 44 847 89 38 62 370 531 56 73
Olive/2017-09-18_16-12-16_UTC_2.jpg 10 61 602 109 59 96 506 84 98 252 452 90 67 316 391 92 80 454 295 82 55 891 476 94 70 886 338 71 65 794 214 57 41 571 454 78 57 16 417 98 76
Olive/2017-11-14_16-59-37_UTC.jpg 27 972 517 81 64 843 558 99 84 806 602 114 95 665 584 104 88 508 570 81 76 438 497 80 84 207 412 94 58 227 385 90 32 419 405 76 65 569 458 84 64 608 393 86 68 799 397 82 63 870 281 78 58 911 207 86 63 822 203 101 71 811 270 39 73 729 280 67 59 601 273 93 47 679 221 70 56 608 222 78 49 477 123 72 55 394 232 75 56 390 284 82 56 433 45 54 42 514 47 58 53 755 91 53 37 797 121 49 61
Olive/2017-12-12_16-40-37_UTC.jpg 22 766 806 179 152 459 750 155 140 232 809 155 128 947 322 127 87 654 86 103 79 742 155 78 56 898 208 100 71 383 564 127 85 386 350 97 83 257 557 115 83 80 289 104 79 48 169 101 93 122 188 96 87 271 167 102 87 188 71 92 68 446 175 72 96 460 48 95 73 373 57 83 99 313 5 81 72 64 61 77 59 509 518 117 123 643 438 103 117
Olive/2018-01-30_16-40-05_UTC.jpg 17 472 572 113 89 229 571 141 110 126 519 121 82 257 302 114 108 362 205 93 76 179 126 58 85 832 395 92 65 755 425 103 98 602 288 113 70 396 36 79 66 396 36 3 38 322 14 77 60 229 2 75 44 78 96 105 92 381 403 113 76 397 504 137 102 313 494 105 66
Olive/2018-02-19_16-44-06_UTC.jpg 4 812 403 138 119 624 402 86 122 529 250 100 122 578 171 122 110
Olive/2018-03-01_17-36-12_UTC.jpg 44 886 734 125 107 976 600 94 91 889 597 90 99 804 622 83 63 538 706 106 107 353 645 105 111 529 581 120 97 654 565 72 91 425 567 103 70 294 598 100 76 205 562 98 80 45 449 77 87 100 292 106 60 276 416 85 80 344 473 89 69 495 516 80 75 491 442 58 65 602 444 66 56 721 417 93 91 806 495 78 71 841 430 89 80 924 444 99 84 890 383 88 69 718 344 89 53 835 260 77 48 788 219 86 56 735 188 70 47 814 104 89 63 704 82 69 44 606 74 48 36 563 43 66 30 484 7 50 58 496 92 58 43 442 74 56 50 482 192 56 43 599 195 68 51 396 157 73 42 352 235 60 52 321 290 75 61 309 369 92 48 151 240 85 54 226 173 60 38 148 176 93 43 0 207 85 62
Olive/2018-03-06_16-14-19_UTC.jpg 10 657 711 139 135 343 791 144 113 328 671 140 127 460 631 134 101 638 449 109 89 801 392 117 102 103 226 97 72 224 257 121 91 454 137 91 89 194 178 73 71
Olive/2018-03-26_15-46-28_UTC.jpg 16 809 658 117 88 732 464 123 122 590 439 123 101 362 576 143 70 911 322 102 106 680 320 127 109 535 374 140 65 536 242 108 94 820 148 106 95 538 72 119 81 390 58 114 96 393 178 105 79 211 284 120 90 321 481 162 120 94 214 96 105 873 429 98 106
Olive/2018-09-03_21-41-25_UTC.jpg 8 770 558 89 76 633 590 87 55 616 533 81 51 534 461 66 72 609 441 68 49 688 477 89 62 753 409 85 53 806 428 70 66
Olive/2018-09-12_15-47-17_UTC.jpg 7 714 500 113 153 673 364 164 156 781 293 145 149 459 264 128 105 341 167 120 94 330 394 140 168 376 548 141 136
Olive/2018-10-05_16-47-16_UTC.jpg 2 585 704 174 151 791 673 130 159
Olive/2018-10-10_14-58-58_UTC.jpg 28 551 808 69 85 551 747 78 50 645 774 82 76 845 771 64 70 829 692 88 60 648 612 68 55 380 629 75 67 203 588 91 72 89 481 70 67 133 262 63 46 300 266 66 67 271 321 57 63 336 346 66 75 427 319 64 42 643 380 61 42 688 314 73 76 864 348 68 70 941 489 63 64 878 531 50 55 769 519 70 80 907 302 60 58 769 229 90 51 619 257 106 56 669 511 64 57 672 437 55 71 620 206 70 52 521 116 52 69 629 162 55 51
Olive/2018-11-13_19-44-17_UTC.jpg 6 768 353 147 150 806 171 117 115 568 267 165 106 410 251 98 105 302 223 118 90 419 142 142 155
Olive/2019-02-15_17-14-03_UTC.jpg 2 825 340 101 113 805 277 114 68
Olive/2019-04-25_15-33-53_UTC.jpg 4 401 275 127 90 631 334 107 82 511 250 96 87 149 397 115 89
Olive/2019-08-26_15-36-46_UTC.jpg 2 646 583 145 131 400 325 182 153
Olive/2019-08-28_15-40-53_UTC.jpg 6 184 419 110 99 66 463 116 108 12 225 84 98 902 79 89 75 668 87 86 67 143 39 103 68
Olive/2019-10-15_15-20-58_UTC.jpg 23 334 533 144 117 513 544 96 83 554 461 92 76 615 436 105 118 889 400 115 107 861 213 91 89 724 229 104 80 625 214 86 66 552 120 101 76 655 102 101 78 733 38 80 73 228 40 100 63 244 100 92 62 79 115 101 71 132 186 96 106 158 277 97 80 75 346 105 102 160 402 108 104 266 459 122 75 261 239 105 119 382 266 81 78 800 400 87 80 755 300 95 55
Olive/2019-11-13_17-45-26_UTC.jpg 2 304 671 150 102 168 553 119 104
Olive/2019-12-05_16-35-11_UTC.jpg 11 658 880 50 47 612 879 46 39 658 825 35 45 619 805 56 39 655 772 58 47 696 776 55 61 634 683 41 42 462 384 56 55 636 142 54 50 819 215 51 52 796 274 55 52
Olive/2019-12-18_16-25-07_UTC.jpg 5 127 447 158 116 821 275 103 94 925 251 125 89 912 469 123 87 771 1 107 71
Olive/2020-01-20_18-07-40_UTC.jpg 5 730 508 151 54 678 398 114 82 545 372 120 79 405 424 72 113 242 486 125 87
Olive/2021-01-05_17-44-09_UTC_4.jpg 35 931 390 99 64 900 254 92 62 872 216 59 38 720 91 71 39 695 56 53 35 543 33 61 33 615 141 72 57 597 104 59 44 790 236 71 47 756 260 68 39 715 487 105 57 631 555 113 58 473 595 105 84 372 543 99 66 234 541 102 59 138 458 100 65 173 401 96 57 137 332 79 45 159 218 62 55 212 175 62 51 295 237 59 56 334 280 62 52 360 340 54 53 605 313 68 55 622 267 56 50 704 325 61 68 799 371 83 94 653 433 91 48 591 458 108 65 564 527 84 55 522 197 46 69 529 141 76 35 492 500 74 62 311 477 87 53 363 427 72 48
Olive/2021-02-24_18-28-12_UTC_2.jpg 10 642 853 201 93 985 371 94 126 370 517 150 114 63 517 112 118 228 296 124 94 436 289 86 106 534 364 97 95 607 75 95 64 358 46 105 85 60 143 101 85
Olive/2021-03-30_15-55-45_UTC.jpg 9 709 590 120 100 357 235 93 50 432 255 78 57 619 311 105 70 612 350 110 102 719 397 94 108 889 461 101 108 901 360 88 77 775 343 90 72
Olive/2021-08-18_21-50-11_UTC.jpg 10 554 666 165 138 632 488 138 111 427 440 134 92 46 406 149 88 559 250 111 128 659 144 141 108 713 42 138 130 2 9 151 72 910 265 127 124 280 350 134 103
Olive/2021-08-19_16-06-48_UTC.jpg 7 451 739 166 131 759 439 151 134 678 255 110 102 558 280 129 77 479 183 86 131 3 86 78 125 1016 5 62 92
Olive/2021-08-25_15-56-00_UTC.jpg 2 816 330 126 124 249 325 103 104
Olive/2021-08-30_15-59-30_UTC.jpg 2 409 469 124 124 315 563 107 125
Olive/2021-09-14_18-25-44_UTC.jpg 11 551 633 197 115 710 419 113 75 735 232 125 119 606 330 103 129 447 74 117 71 277 47 120 50 173 24 91 63 32 37 102 77 282 158 93 55 110 238 97 86 683 104 94 72
Olive/2022-02-09_16-35-03_UTC_1.jpg 24 430 10 71 79 509 48 66 56 742 161 46 70 803 168 84 75 809 398 81 80 951 515 55 81 1027 771 52 85 875 770 107 91 799 672 67 52 648 597 110 54 641 846 104 68 457 876 57 67 440 789 105 75 206 621 89 82 322 276 50 47 359 195 103 67 474 181 83 78 637 279 77 75 576 287 81 89 874 528 80 55 99 950 102 48 361 885 99 96 442 966 94 31 262 957 117 39
Olive/2022-02-10_16-30-12_UTC_5.jpg 25 508 847 131 131 449 649 103 107 154 810 94 109 93 750 82 137 59 633 77 75 97 545 120 77 16 522 102 89 323 460 107 48 754 643 126 86 636 660 112 125 905 512 122 63 990 422 81 77 911 257 100 78 844 189 105 62 594 223 110 73 585 134 83 98 476 195 109 64 417 123 71 83 508 6 88 81 210 229 109 63 286 672 102 94 261 566 123 94 163 649 109 118 706 519 118 78 632 563 103 90
Olive/2022-02-21_16-38-48_UTC_1.jpg 11 708 478 126 126 799 602 150 165 7 796 138 96 19 492 159 137 17 310 126 114 76 170 110 126 40 81 153 135 560 152 126 110 635 35 111 123 736 12 101 106 897 86 125 74
Olive/2022-02-24_16-46-40_UTC.jpg 13 371 765 111 98 353 664 131 105 133 605 132 92 88 488 103 94 225 300 155 114 708 296 124 114 635 473 146 97 418 530 151 124 924 248 121 106 888 137 118 117 850 9 111 103 119 244 91 98 494 641 118 101
Olive/2022-03-14_15-35-21_UTC_5.jpg 5 679 567 122 115 177 499 134 105 186 336 118 107 495 354 107 121 10 327 104 106
Olive/2022-03-15_15-33-57_UTC_4.jpg 7 739 520 88 79 903 387 114 98 940 283 101 96 483 227 110 112 586 183 81 92 567 57 91 72 213 710 94 78
Olive/2022-04-13_15-40-21_UTC.jpg 14 667 893 62 66 947 705 54 71 666 569 75 65 730 377 62 70 713 252 61 61 594 270 63 48 527 402 49 79 492 322 54 65 421 237 69 64 216 300 55 62 286 612 58 52 453 648 61 72 522 647 63 64 523 580 58 55
