Mushroom/2017-04-24_15-33-07_UTC.jpg 13 294 767 102 137 176 690 91 103 94 537 147 123 38 364 164 95 165 187 124 96 285 268 93 114 390 299 102 138 248 568 157 116 233 427 106 135 340 430 91 135 443 505 90 116 19 648 68 107 18 468 65 116
Mushroom/2017-08-15_15-57-02_UTC.jpg 8 550 600 148 97 821 571 79 75 844 437 108 115 941 299 138 79 887 197 153 93 570 370 176 97 436 229 102 120 362 799 181 200
Mushroom/2017-11-29_17-06-22_UTC.jpg 4 469 480 317 255 623 707 273 285 29 728 177 183 2 80 90 131
Mushroom/2018-03-08_18-30-58_UTC.jpg 0
Mushroom/2018-08-29_15-48-44_UTC.jpg 2 566 132 145 56 486 300 225 223
Mushroom/2018-09-28_15-32-08_UTC.jpg 3 859 493 200 154 849 139 100 131 371 513 183 189
Mushroom/2018-10-05_16-47-16_UTC.jpg 1 459 479 297 295
Mushroom/2018-10-19_16-53-20_UTC.jpg 2 218 210 253 266 644 322 183 168
Mushroom/2018-10-30_15-35-27_UTC.jpg 15 760 633 170 171 925 510 138 119 544 684 129 206 291 706 156 90 85 604 148 122 1 318 170 134 156 341 149 101 487 153 90 123 316 65 155 95 144 27 140 83 274 7 183 57 730 31 130 46 928 100 148 89 695 275 208 104 298 547 100 132
Mushroom/2018-11-07_16-23-22_UTC.jpg 0
Mushroom/2018-11-13_19-44-17_UTC.jpg 3 96 294 191 200 713 245 125 109 553 79 227 185
Mushroom/2018-11-30_18-53-17_UTC.jpg 1 594 390 237 180
Mushroom/2019-01-14_16-39-15_UTC.jpg 0
Mushroom/2019-01-23_22-37-46_UTC.jpg 7 147 349 161 185 835 617 125 53 482 183 130 92 408 441 182 173 507 271 299 256 582 340 219 183 509 273 152 141
Mushroom/2019-02-12_23-10-41_UTC.jpg 2 513 548 151 162 375 274 76 151
Mushroom/2019-03-07_16-48-39_UTC.jpg 2 542 477 268 132 567 128 213 139
Mushroom/2021-01-04_17-05-16_UTC_1.jpg 7 722 587 254 180 659 309 143 154 872 226 164 112 2 497 185 169 164 336 164 71 34 341 180 136 11 189 150 137
Mushroom/2021-02-09_17-47-24_UTC_2.jpg 0
Mushroom/2021-09-29_18-49-46_UTC.jpg 6 137 449 137 130 416 110 217 385 562 261 231 95 938 283 139 135 201 191 149 118 31 60 243 125
Mushroom/2021-09-30_15-20-51_UTC.jpg 8 404 230 368 111 466 31 264 114 355 51 156 94 222 62 214 98 279 425 131 149 614 544 240 164 82 344 266 80 1 483 185 183
Mushroom/2021-11-15_16-55-06_UTC.jpg 4 431 682 166 155 517 541 241 363 394 344 153 173 437 163 191 152
Mushroom/2022-01-24_16-42-57_UTC.jpg 2 592 346 98 224 503 359 188 210
Mushroom/2022-02-04_18-47-34_UTC.jpg 3 460 326 327 237 663 338 109 230 280 348 90 197
Mushroom/2022-02-09_16-35-03_UTC_1.jpg 0
Mushroom/2022-02-22_16-29-17_UTC.jpg 8 857 732 222 214 420 649 425 304 742 406 224 183 296 6 248 168 0 0 121 264 358 235 107 152 1 710 340 288 262 557 182 114
Mushroom/2022-03-02_21-46-04_UTC.jpg 0
Mushroom/2022-03-09_16-32-21_UTC_3.jpg 4 222 674 327 308 196 383 118 125 39 293 149 197 695 258 381 195
Mushroom/2022-03-10_16-29-23_UTC_1.jpg 2 214 188 379 403 732 579 194 254
Mushroom/2022-03-14_15-35-21_UTC_6.jpg 8 403 579 364 134 479 726 207 215 7 323 162 210 3 114 131 140 295 123 199 93 603 76 220 95 787 150 283 170 408 264 156 86
Mushroom/2022-03-15_15-33-57_UTC_1.jpg 12 213 877 330 115 67 596 361 279 2 519 102 262 247 381 205 166 399 555 207 151 544 723 368 267 33 113 346 177 425 44 244 162 827 13 169 205 811 367 230 94 834 437 228 226 565 260 186 124
Mushroom/2022-04-14_18-38-58_UTC.jpg 8 624 772 347 216 38 871 427 128 1 476 166 245 282 74 146 212 618 272 150 147 336 553 297 198 604 5 210 69 967 420 108 235